MET	63	-0.004	0.001	-0.004	999
VAL	64	-0.006	0.006	-0.011	999
LEU	66	-0.004	0.003	-0.006	999
MET	69	-0.002	0.003	-0.003	999
VAL	70	-0.004	0.01	-0.012	999
VAL	76	0.03	-0.053	0.11	999
LEU	77	0.033	-0.057	0.11	999
VAL	84	0.026	-0.049	0.082	999
LEU	85	0.015	-0.029	0.055	999
VAL	86	0.013	-0.027	0.044	999
VAL	87	0.008	-0.018	0.029	999
LEU	91	999	-0.012	999	999
ALA	92	0.001	-0.02	0.029	999
ILE	94	0.02	-0.041	0.072	999
VAL	95	0.02	-0.049	0.064	999
ILE	102	0.009	-0.019	0.014	999
ILE	104	0.005	-0.011	0.011	999
LEU	105	0.006	-0.015	0.015	999
LEU	111	999	999	-0.004	999
ILE	116	-0.007	0.009	-0.03	999
LEU	118	-0.05	0.122	-0.233	999
VAL	120	-0.131	0.39	-0.454	999
ALA	122	999	0.064	0.11	999
ILE	123	0.08	-0.131	0.317	999
VAL	127	0.049	-0.026	0.128	999
ALA	128	0.001	0.064	-0.017	999
LEU	130	-0.032	0.172	-0.158	999
LEU	132	-0.138	0.289	-0.519	999
LEU	134	-0.042	0.13	-0.192	999
ALA	137	999	0.122	-0.229	999
MET	142	-0.002	-0.006	-0.023	999
VAL	143	-0.006	0.023	-0.058	999
VAL	147	-0.012	0.028	-0.06	999
VAL	151	-0.025	0.09	-0.097	999
ALA	157	0.011	-0.004	0.032	999
ALA	158	0.024	-0.006	0.063	999
VAL	162	-0.028	0.092	-0.132	999
LEU	164	-0.02	0.062	-0.096	999
LEU	170	-0.012	0.047	-0.05	999
VAL	172	-0.003	0.029	-0.015	999
LEU	173	-0.008	0.018	999	999
VAL	175	0.041	999	0.179	999
ALA	177	0.054	-0.095	0.181	999
MET	186	-0.021	0.021	-0.062	999
MET	189	-0.097	0.084	-0.174	999
MET	191	0.02	-0.055	0.116	999
ILE	192	-0.064	0.03	-0.05	999
LEU	201	-0.009	0.006	-0.012	999
VAL	204	-0.015	0.016	-0.03	999
LEU	207	-0.025	0.024	-0.043	999
VAL	208	-0.016	0.005	-0.044	999
VAL	220	0.042	-0.069	0.036	999
VAL	222	0.003	-0.009	999	999
ILE	224	0.007	-0.033	0.007	999
LEU	225	-0.006	-0.005	-0.014	999
LEU	228	-0.014	0.003	-0.014	999
LEU	232	0.033	-0.069	0.135	999
ALA	243	-0.001	0.027	-0.013	999
ALA	254	-0.039	0.077	-0.138	999
ILE	256	-0.026	0.055	-0.083	999
VAL	274	-0.013	0.01	-0.021	999
VAL	277	-0.025	0.009	-0.032	999
LEU	280	-0.051	0.036	-0.079	999
ALA	283	-0.022	0.019	-0.04	999
ALA	287	-0.025	0.032	-0.063	999
MET	288	-0.042	0.035	-0.086	999
MET	289	-0.008	0.001	-0.006	999
ALA	293	999	0.006	-0.016	999
ILE	296	-0.017	0.04	-0.076	999
ALA	298	-0.047	0.099	-0.183	999
VAL	299	-0.053	0.161	-0.268	999
LEU	306	-0.102	0.083	-0.171	999
LEU	310	-0.019	0.004	-0.017	999
LEU	311	-0.014	0.028	-0.041	999
VAL	318	0.012	-0.037	0.059	999
LEU	319	0.027	-0.072	0.09	999
LEU	330	0.078	-0.114	0.292	999
ALA	334	0.025	-0.045	0.079	999
VAL	335	0.038	-0.068	0.122	999
LEU	336	0.078	-0.142	0.238	999
LEU	339	0.098	-0.175	0.275	999
VAL	344	-0.354	999	999	999
ALA	350	0.295	-0.091	0.113	999
VAL	351	0.181	-0.266	0.526	999
